{
 "cells": [
  {
   "cell_type": "markdown",
   "metadata": {},
   "source": [
    "- CRIM: per capita crime rate by town / \n",
    "- ZN: proportion of residential land zoned for lots over 25,000 sq.ft.\n",
    "- INDUS: proportion of non-retail business acres per town\n",
    "- CHAS: Charles River dummy variable (= 1 if tract bounds river; 0 otherwise)\n",
    "- NOX: nitric oxides concentration (parts per 10 million)\n",
    "- RM: average number of rooms per dwelling\n",
    "- AGE: proportion of owner-occupied units built prior to 1940\n",
    "- DIS: weighted distances to five Boston employment centres\n",
    "- RAD: index of accessibility to radial highways\n",
    "- TAX: full-value property-tax rate per 10,000\n",
    "- PTRATIO: pupil-teacher ratio by town\n",
    "- B: 1000(Bk - 0.63)^2 where Bk is the proportion of blacks by town\n",
    "- LSTAT: % lower status of the population\n",
    "- TARGET: Median value of owner-occupied homes in $1000's"
   ]
  },
  {
   "cell_type": "code",
   "execution_count": 74,
   "metadata": {},
   "outputs": [],
   "source": [
    "import numpy as np\n",
    "import pandas as pd\n",
    "import matplotlib.pyplot as plt\n",
    "import matplotlib as mpl\n",
    "import warnings\n",
    "warnings.filterwarnings(\"ignore\")\n",
    "%matplotlib inline "
   ]
  },
  {
   "cell_type": "code",
   "execution_count": 75,
   "metadata": {},
   "outputs": [],
   "source": [
    "from sklearn import linear_model\n",
    "from sklearn.metrics import r2_score\n",
    "from sklearn.pipeline import make_pipeline\n",
    "from sklearn.preprocessing import PolynomialFeatures\n",
    "from sklearn.preprocessing import StandardScaler\n",
    "import statsmodels.formula.api as smf\n",
    "import statsmodels.api as sm"
   ]
  },
  {
   "cell_type": "code",
   "execution_count": 90,
   "metadata": {},
   "outputs": [],
   "source": [
    "dataset = pd.read_csv(\"C:/formacao_dataScience_DSA_DADOS/04_machineLearning/Cap05_Regressao_pt2/dados/PY/BostonHousing.csv\")"
   ]
  },
  {
   "cell_type": "code",
   "execution_count": 91,
   "metadata": {},
   "outputs": [
    {
     "data": {
      "text/plain": [
       "Index(['crim', 'zn', 'indus', 'chas', 'nox', 'rm', 'age', 'dis', 'rad', 'tax',\n",
       "       'ptratio', 'b', 'lstat', 'medv'],\n",
       "      dtype='object')"
      ]
     },
     "execution_count": 91,
     "metadata": {},
     "output_type": "execute_result"
    }
   ],
   "source": [
    "dataset.columns"
   ]
  },
  {
   "cell_type": "code",
   "execution_count": 92,
   "metadata": {},
   "outputs": [],
   "source": [
    "dataset = dataset.rename(columns = {'medv': \"target\"})"
   ]
  },
  {
   "cell_type": "code",
   "execution_count": 93,
   "metadata": {},
   "outputs": [],
   "source": [
    "# Gerando número de observações e variáveis \n",
    "observations = len(dataset)\n",
    "variables = dataset.columns[:-1]"
   ]
  },
  {
   "cell_type": "code",
   "execution_count": 94,
   "metadata": {},
   "outputs": [
    {
     "data": {
      "text/plain": [
       "506"
      ]
     },
     "execution_count": 94,
     "metadata": {},
     "output_type": "execute_result"
    }
   ],
   "source": [
    "observations"
   ]
  },
  {
   "cell_type": "code",
   "execution_count": 95,
   "metadata": {},
   "outputs": [],
   "source": [
    "dataset = dataset.dropna(subset=['rm'])"
   ]
  },
  {
   "cell_type": "code",
   "execution_count": null,
   "metadata": {},
   "outputs": [],
   "source": []
  },
  {
   "cell_type": "code",
   "execution_count": 96,
   "metadata": {},
   "outputs": [],
   "source": [
    "# Coletando X e Y\n",
    "X = dataset.iloc[:-1]\n"
   ]
  },
  {
   "cell_type": "code",
   "execution_count": 97,
   "metadata": {},
   "outputs": [],
   "source": [
    "dataset = dataset.drop(dataset.index[-1])\n",
    "\n",
    "y = dataset['target'].values"
   ]
  },
  {
   "cell_type": "code",
   "execution_count": 98,
   "metadata": {},
   "outputs": [
    {
     "data": {
      "text/html": [
       "<div>\n",
       "<style scoped>\n",
       "    .dataframe tbody tr th:only-of-type {\n",
       "        vertical-align: middle;\n",
       "    }\n",
       "\n",
       "    .dataframe tbody tr th {\n",
       "        vertical-align: top;\n",
       "    }\n",
       "\n",
       "    .dataframe thead th {\n",
       "        text-align: right;\n",
       "    }\n",
       "</style>\n",
       "<table border=\"1\" class=\"dataframe\">\n",
       "  <thead>\n",
       "    <tr style=\"text-align: right;\">\n",
       "      <th></th>\n",
       "      <th>crim</th>\n",
       "      <th>zn</th>\n",
       "      <th>indus</th>\n",
       "      <th>chas</th>\n",
       "      <th>nox</th>\n",
       "      <th>rm</th>\n",
       "      <th>age</th>\n",
       "      <th>dis</th>\n",
       "      <th>rad</th>\n",
       "      <th>tax</th>\n",
       "      <th>ptratio</th>\n",
       "      <th>b</th>\n",
       "      <th>lstat</th>\n",
       "      <th>target</th>\n",
       "    </tr>\n",
       "  </thead>\n",
       "  <tbody>\n",
       "    <tr>\n",
       "      <th>0</th>\n",
       "      <td>0.00632</td>\n",
       "      <td>18.0</td>\n",
       "      <td>2.31</td>\n",
       "      <td>0</td>\n",
       "      <td>0.538</td>\n",
       "      <td>6.575</td>\n",
       "      <td>65.2</td>\n",
       "      <td>4.0900</td>\n",
       "      <td>1</td>\n",
       "      <td>296</td>\n",
       "      <td>15.3</td>\n",
       "      <td>396.90</td>\n",
       "      <td>4.98</td>\n",
       "      <td>24.0</td>\n",
       "    </tr>\n",
       "    <tr>\n",
       "      <th>1</th>\n",
       "      <td>0.02731</td>\n",
       "      <td>0.0</td>\n",
       "      <td>7.07</td>\n",
       "      <td>0</td>\n",
       "      <td>0.469</td>\n",
       "      <td>6.421</td>\n",
       "      <td>78.9</td>\n",
       "      <td>4.9671</td>\n",
       "      <td>2</td>\n",
       "      <td>242</td>\n",
       "      <td>17.8</td>\n",
       "      <td>396.90</td>\n",
       "      <td>9.14</td>\n",
       "      <td>21.6</td>\n",
       "    </tr>\n",
       "    <tr>\n",
       "      <th>2</th>\n",
       "      <td>0.02729</td>\n",
       "      <td>0.0</td>\n",
       "      <td>7.07</td>\n",
       "      <td>0</td>\n",
       "      <td>0.469</td>\n",
       "      <td>7.185</td>\n",
       "      <td>61.1</td>\n",
       "      <td>4.9671</td>\n",
       "      <td>2</td>\n",
       "      <td>242</td>\n",
       "      <td>17.8</td>\n",
       "      <td>392.83</td>\n",
       "      <td>4.03</td>\n",
       "      <td>34.7</td>\n",
       "    </tr>\n",
       "    <tr>\n",
       "      <th>3</th>\n",
       "      <td>0.03237</td>\n",
       "      <td>0.0</td>\n",
       "      <td>2.18</td>\n",
       "      <td>0</td>\n",
       "      <td>0.458</td>\n",
       "      <td>6.998</td>\n",
       "      <td>45.8</td>\n",
       "      <td>6.0622</td>\n",
       "      <td>3</td>\n",
       "      <td>222</td>\n",
       "      <td>18.7</td>\n",
       "      <td>394.63</td>\n",
       "      <td>2.94</td>\n",
       "      <td>33.4</td>\n",
       "    </tr>\n",
       "    <tr>\n",
       "      <th>4</th>\n",
       "      <td>0.06905</td>\n",
       "      <td>0.0</td>\n",
       "      <td>2.18</td>\n",
       "      <td>0</td>\n",
       "      <td>0.458</td>\n",
       "      <td>7.147</td>\n",
       "      <td>54.2</td>\n",
       "      <td>6.0622</td>\n",
       "      <td>3</td>\n",
       "      <td>222</td>\n",
       "      <td>18.7</td>\n",
       "      <td>396.90</td>\n",
       "      <td>5.33</td>\n",
       "      <td>36.2</td>\n",
       "    </tr>\n",
       "    <tr>\n",
       "      <th>...</th>\n",
       "      <td>...</td>\n",
       "      <td>...</td>\n",
       "      <td>...</td>\n",
       "      <td>...</td>\n",
       "      <td>...</td>\n",
       "      <td>...</td>\n",
       "      <td>...</td>\n",
       "      <td>...</td>\n",
       "      <td>...</td>\n",
       "      <td>...</td>\n",
       "      <td>...</td>\n",
       "      <td>...</td>\n",
       "      <td>...</td>\n",
       "      <td>...</td>\n",
       "    </tr>\n",
       "    <tr>\n",
       "      <th>500</th>\n",
       "      <td>0.22438</td>\n",
       "      <td>0.0</td>\n",
       "      <td>9.69</td>\n",
       "      <td>0</td>\n",
       "      <td>0.585</td>\n",
       "      <td>6.027</td>\n",
       "      <td>79.7</td>\n",
       "      <td>2.4982</td>\n",
       "      <td>6</td>\n",
       "      <td>391</td>\n",
       "      <td>19.2</td>\n",
       "      <td>396.90</td>\n",
       "      <td>14.33</td>\n",
       "      <td>16.8</td>\n",
       "    </tr>\n",
       "    <tr>\n",
       "      <th>501</th>\n",
       "      <td>0.06263</td>\n",
       "      <td>0.0</td>\n",
       "      <td>11.93</td>\n",
       "      <td>0</td>\n",
       "      <td>0.573</td>\n",
       "      <td>6.593</td>\n",
       "      <td>69.1</td>\n",
       "      <td>2.4786</td>\n",
       "      <td>1</td>\n",
       "      <td>273</td>\n",
       "      <td>21.0</td>\n",
       "      <td>391.99</td>\n",
       "      <td>9.67</td>\n",
       "      <td>22.4</td>\n",
       "    </tr>\n",
       "    <tr>\n",
       "      <th>502</th>\n",
       "      <td>0.04527</td>\n",
       "      <td>0.0</td>\n",
       "      <td>11.93</td>\n",
       "      <td>0</td>\n",
       "      <td>0.573</td>\n",
       "      <td>6.120</td>\n",
       "      <td>76.7</td>\n",
       "      <td>2.2875</td>\n",
       "      <td>1</td>\n",
       "      <td>273</td>\n",
       "      <td>21.0</td>\n",
       "      <td>396.90</td>\n",
       "      <td>9.08</td>\n",
       "      <td>20.6</td>\n",
       "    </tr>\n",
       "    <tr>\n",
       "      <th>503</th>\n",
       "      <td>0.06076</td>\n",
       "      <td>0.0</td>\n",
       "      <td>11.93</td>\n",
       "      <td>0</td>\n",
       "      <td>0.573</td>\n",
       "      <td>6.976</td>\n",
       "      <td>91.0</td>\n",
       "      <td>2.1675</td>\n",
       "      <td>1</td>\n",
       "      <td>273</td>\n",
       "      <td>21.0</td>\n",
       "      <td>396.90</td>\n",
       "      <td>5.64</td>\n",
       "      <td>23.9</td>\n",
       "    </tr>\n",
       "    <tr>\n",
       "      <th>504</th>\n",
       "      <td>0.10959</td>\n",
       "      <td>0.0</td>\n",
       "      <td>11.93</td>\n",
       "      <td>0</td>\n",
       "      <td>0.573</td>\n",
       "      <td>6.794</td>\n",
       "      <td>89.3</td>\n",
       "      <td>2.3889</td>\n",
       "      <td>1</td>\n",
       "      <td>273</td>\n",
       "      <td>21.0</td>\n",
       "      <td>393.45</td>\n",
       "      <td>6.48</td>\n",
       "      <td>22.0</td>\n",
       "    </tr>\n",
       "  </tbody>\n",
       "</table>\n",
       "<p>500 rows × 14 columns</p>\n",
       "</div>"
      ],
      "text/plain": [
       "        crim    zn  indus  chas    nox     rm   age     dis  rad  tax  \\\n",
       "0    0.00632  18.0   2.31     0  0.538  6.575  65.2  4.0900    1  296   \n",
       "1    0.02731   0.0   7.07     0  0.469  6.421  78.9  4.9671    2  242   \n",
       "2    0.02729   0.0   7.07     0  0.469  7.185  61.1  4.9671    2  242   \n",
       "3    0.03237   0.0   2.18     0  0.458  6.998  45.8  6.0622    3  222   \n",
       "4    0.06905   0.0   2.18     0  0.458  7.147  54.2  6.0622    3  222   \n",
       "..       ...   ...    ...   ...    ...    ...   ...     ...  ...  ...   \n",
       "500  0.22438   0.0   9.69     0  0.585  6.027  79.7  2.4982    6  391   \n",
       "501  0.06263   0.0  11.93     0  0.573  6.593  69.1  2.4786    1  273   \n",
       "502  0.04527   0.0  11.93     0  0.573  6.120  76.7  2.2875    1  273   \n",
       "503  0.06076   0.0  11.93     0  0.573  6.976  91.0  2.1675    1  273   \n",
       "504  0.10959   0.0  11.93     0  0.573  6.794  89.3  2.3889    1  273   \n",
       "\n",
       "     ptratio       b  lstat  target  \n",
       "0       15.3  396.90   4.98    24.0  \n",
       "1       17.8  396.90   9.14    21.6  \n",
       "2       17.8  392.83   4.03    34.7  \n",
       "3       18.7  394.63   2.94    33.4  \n",
       "4       18.7  396.90   5.33    36.2  \n",
       "..       ...     ...    ...     ...  \n",
       "500     19.2  396.90  14.33    16.8  \n",
       "501     21.0  391.99   9.67    22.4  \n",
       "502     21.0  396.90   9.08    20.6  \n",
       "503     21.0  396.90   5.64    23.9  \n",
       "504     21.0  393.45   6.48    22.0  \n",
       "\n",
       "[500 rows x 14 columns]"
      ]
     },
     "execution_count": 98,
     "metadata": {},
     "output_type": "execute_result"
    }
   ],
   "source": [
    "X"
   ]
  },
  {
   "cell_type": "markdown",
   "metadata": {},
   "source": [
    "### UTILIZANDO MÚLTIPLOS ATRIBUTOS com StatsModels"
   ]
  },
  {
   "cell_type": "code",
   "execution_count": 100,
   "metadata": {},
   "outputs": [],
   "source": [
    "Xc = sm.add_constant(X) #Adicionando constante pq o Stats models solicita"
   ]
  },
  {
   "cell_type": "code",
   "execution_count": 101,
   "metadata": {},
   "outputs": [],
   "source": [
    "modelo = sm.OLS(y, Xc)\n",
    "modelo_v1 = modelo.fit()"
   ]
  },
  {
   "cell_type": "code",
   "execution_count": 108,
   "metadata": {},
   "outputs": [
    {
     "name": "stdout",
     "output_type": "stream",
     "text": [
      "                            OLS Regression Results                            \n",
      "==============================================================================\n",
      "Dep. Variable:                      y   R-squared:                       1.000\n",
      "Model:                            OLS   Adj. R-squared:                  1.000\n",
      "Method:                 Least Squares   F-statistic:                 2.764e+30\n",
      "Date:                Thu, 30 May 2024   Prob (F-statistic):               0.00\n",
      "Time:                        14:32:41   Log-Likelihood:                 14817.\n",
      "No. Observations:                 500   AIC:                        -2.960e+04\n",
      "Df Residuals:                     485   BIC:                        -2.954e+04\n",
      "Df Model:                          14                                         \n",
      "Covariance Type:            nonrobust                                         \n",
      "==============================================================================\n",
      "                 coef    std err          t      P>|t|      [0.025      0.975]\n",
      "------------------------------------------------------------------------------\n",
      "const      -6.217e-14   3.78e-14     -1.646      0.100   -1.36e-13     1.2e-14\n",
      "crim       -8.465e-16   2.32e-16     -3.647      0.000    -1.3e-15    -3.9e-16\n",
      "zn          3.643e-17   9.74e-17      0.374      0.708   -1.55e-16    2.28e-16\n",
      "indus       9.437e-16   4.32e-16      2.185      0.029    9.49e-17    1.79e-15\n",
      "chas       -1.776e-15   6.08e-15     -0.292      0.770   -1.37e-14    1.02e-14\n",
      "nox         2.043e-14   2.73e-14      0.747      0.455   -3.33e-14    7.42e-14\n",
      "rm          3.358e-15   3.17e-15      1.061      0.289   -2.86e-15    9.58e-15\n",
      "age         1.006e-16   9.27e-17      1.086      0.278   -8.15e-17    2.83e-16\n",
      "dis         1.221e-15   1.49e-15      0.819      0.413   -1.71e-15    4.15e-15\n",
      "rad        -1.874e-16   4.75e-16     -0.394      0.694   -1.12e-15    7.47e-16\n",
      "tax        -2.429e-17   2.66e-17     -0.912      0.362   -7.66e-17     2.8e-17\n",
      "ptratio     3.469e-17   9.72e-16      0.036      0.972   -1.88e-15    1.95e-15\n",
      "b          -5.426e-17    1.9e-17     -2.856      0.004   -9.16e-17   -1.69e-17\n",
      "lstat       1.388e-17   3.94e-16      0.035      0.972   -7.61e-16    7.89e-16\n",
      "target         1.0000   3.17e-16   3.15e+15      0.000       1.000       1.000\n",
      "==============================================================================\n",
      "Omnibus:                      209.729   Durbin-Watson:                   0.079\n",
      "Prob(Omnibus):                  0.000   Jarque-Bera (JB):             1898.795\n",
      "Skew:                           1.578   Prob(JB):                         0.00\n",
      "Kurtosis:                      12.010   Cond. No.                     1.59e+04\n",
      "==============================================================================\n",
      "\n",
      "Notes:\n",
      "[1] Standard Errors assume that the covariance matrix of the errors is correctly specified.\n",
      "[2] The condition number is large, 1.59e+04. This might indicate that there are\n",
      "strong multicollinearity or other numerical problems.\n"
     ]
    }
   ],
   "source": [
    "print(modelo_v1.summary())"
   ]
  },
  {
   "cell_type": "markdown",
   "metadata": {},
   "source": [
    "Não podemos apenas confiar na avaliação do valor P, devemos ver inclusive a correlação"
   ]
  },
  {
   "cell_type": "markdown",
   "metadata": {},
   "source": [
    "## Matriz de Correlção"
   ]
  },
  {
   "cell_type": "code",
   "execution_count": 106,
   "metadata": {},
   "outputs": [
    {
     "data": {
      "text/html": [
       "<div>\n",
       "<style scoped>\n",
       "    .dataframe tbody tr th:only-of-type {\n",
       "        vertical-align: middle;\n",
       "    }\n",
       "\n",
       "    .dataframe tbody tr th {\n",
       "        vertical-align: top;\n",
       "    }\n",
       "\n",
       "    .dataframe thead th {\n",
       "        text-align: right;\n",
       "    }\n",
       "</style>\n",
       "<table border=\"1\" class=\"dataframe\">\n",
       "  <thead>\n",
       "    <tr style=\"text-align: right;\">\n",
       "      <th></th>\n",
       "      <th>crim</th>\n",
       "      <th>zn</th>\n",
       "      <th>indus</th>\n",
       "      <th>chas</th>\n",
       "      <th>nox</th>\n",
       "      <th>rm</th>\n",
       "      <th>age</th>\n",
       "      <th>dis</th>\n",
       "      <th>rad</th>\n",
       "      <th>tax</th>\n",
       "      <th>ptratio</th>\n",
       "      <th>b</th>\n",
       "      <th>lstat</th>\n",
       "    </tr>\n",
       "  </thead>\n",
       "  <tbody>\n",
       "    <tr>\n",
       "      <th>crim</th>\n",
       "      <td>1.000000</td>\n",
       "      <td>-0.201960</td>\n",
       "      <td>0.407714</td>\n",
       "      <td>-0.057275</td>\n",
       "      <td>0.420823</td>\n",
       "      <td>-0.219801</td>\n",
       "      <td>0.355232</td>\n",
       "      <td>-0.381289</td>\n",
       "      <td>0.624825</td>\n",
       "      <td>0.582050</td>\n",
       "      <td>0.293170</td>\n",
       "      <td>-0.383836</td>\n",
       "      <td>0.457031</td>\n",
       "    </tr>\n",
       "    <tr>\n",
       "      <th>zn</th>\n",
       "      <td>-0.201960</td>\n",
       "      <td>1.000000</td>\n",
       "      <td>-0.536648</td>\n",
       "      <td>-0.043490</td>\n",
       "      <td>-0.518094</td>\n",
       "      <td>0.310935</td>\n",
       "      <td>-0.569514</td>\n",
       "      <td>0.665445</td>\n",
       "      <td>-0.315873</td>\n",
       "      <td>-0.317058</td>\n",
       "      <td>-0.392446</td>\n",
       "      <td>0.177038</td>\n",
       "      <td>-0.414751</td>\n",
       "    </tr>\n",
       "    <tr>\n",
       "      <th>indus</th>\n",
       "      <td>0.407714</td>\n",
       "      <td>-0.536648</td>\n",
       "      <td>1.000000</td>\n",
       "      <td>0.062418</td>\n",
       "      <td>0.762930</td>\n",
       "      <td>-0.394168</td>\n",
       "      <td>0.646190</td>\n",
       "      <td>-0.709877</td>\n",
       "      <td>0.598530</td>\n",
       "      <td>0.721459</td>\n",
       "      <td>0.382904</td>\n",
       "      <td>-0.357991</td>\n",
       "      <td>0.606021</td>\n",
       "    </tr>\n",
       "    <tr>\n",
       "      <th>chas</th>\n",
       "      <td>-0.057275</td>\n",
       "      <td>-0.043490</td>\n",
       "      <td>0.062418</td>\n",
       "      <td>1.000000</td>\n",
       "      <td>0.090465</td>\n",
       "      <td>0.091289</td>\n",
       "      <td>0.087647</td>\n",
       "      <td>-0.099075</td>\n",
       "      <td>-0.009422</td>\n",
       "      <td>-0.037615</td>\n",
       "      <td>-0.121363</td>\n",
       "      <td>0.050229</td>\n",
       "      <td>-0.054091</td>\n",
       "    </tr>\n",
       "    <tr>\n",
       "      <th>nox</th>\n",
       "      <td>0.420823</td>\n",
       "      <td>-0.518094</td>\n",
       "      <td>0.762930</td>\n",
       "      <td>0.090465</td>\n",
       "      <td>1.000000</td>\n",
       "      <td>-0.302687</td>\n",
       "      <td>0.732922</td>\n",
       "      <td>-0.771225</td>\n",
       "      <td>0.612855</td>\n",
       "      <td>0.667657</td>\n",
       "      <td>0.188734</td>\n",
       "      <td>-0.379860</td>\n",
       "      <td>0.592230</td>\n",
       "    </tr>\n",
       "    <tr>\n",
       "      <th>rm</th>\n",
       "      <td>-0.219801</td>\n",
       "      <td>0.310935</td>\n",
       "      <td>-0.394168</td>\n",
       "      <td>0.091289</td>\n",
       "      <td>-0.302687</td>\n",
       "      <td>1.000000</td>\n",
       "      <td>-0.240049</td>\n",
       "      <td>0.203169</td>\n",
       "      <td>-0.211662</td>\n",
       "      <td>-0.293605</td>\n",
       "      <td>-0.357305</td>\n",
       "      <td>0.128469</td>\n",
       "      <td>-0.616555</td>\n",
       "    </tr>\n",
       "    <tr>\n",
       "      <th>age</th>\n",
       "      <td>0.355232</td>\n",
       "      <td>-0.569514</td>\n",
       "      <td>0.646190</td>\n",
       "      <td>0.087647</td>\n",
       "      <td>0.732922</td>\n",
       "      <td>-0.240049</td>\n",
       "      <td>1.000000</td>\n",
       "      <td>-0.751390</td>\n",
       "      <td>0.461485</td>\n",
       "      <td>0.509469</td>\n",
       "      <td>0.263886</td>\n",
       "      <td>-0.275859</td>\n",
       "      <td>0.602086</td>\n",
       "    </tr>\n",
       "    <tr>\n",
       "      <th>dis</th>\n",
       "      <td>-0.381289</td>\n",
       "      <td>0.665445</td>\n",
       "      <td>-0.709877</td>\n",
       "      <td>-0.099075</td>\n",
       "      <td>-0.771225</td>\n",
       "      <td>0.203169</td>\n",
       "      <td>-0.751390</td>\n",
       "      <td>1.000000</td>\n",
       "      <td>-0.499842</td>\n",
       "      <td>-0.536294</td>\n",
       "      <td>-0.230414</td>\n",
       "      <td>0.292554</td>\n",
       "      <td>-0.502390</td>\n",
       "    </tr>\n",
       "    <tr>\n",
       "      <th>rad</th>\n",
       "      <td>0.624825</td>\n",
       "      <td>-0.315873</td>\n",
       "      <td>0.598530</td>\n",
       "      <td>-0.009422</td>\n",
       "      <td>0.612855</td>\n",
       "      <td>-0.211662</td>\n",
       "      <td>0.461485</td>\n",
       "      <td>-0.499842</td>\n",
       "      <td>1.000000</td>\n",
       "      <td>0.910799</td>\n",
       "      <td>0.471248</td>\n",
       "      <td>-0.442982</td>\n",
       "      <td>0.490859</td>\n",
       "    </tr>\n",
       "    <tr>\n",
       "      <th>tax</th>\n",
       "      <td>0.582050</td>\n",
       "      <td>-0.317058</td>\n",
       "      <td>0.721459</td>\n",
       "      <td>-0.037615</td>\n",
       "      <td>0.667657</td>\n",
       "      <td>-0.293605</td>\n",
       "      <td>0.509469</td>\n",
       "      <td>-0.536294</td>\n",
       "      <td>0.910799</td>\n",
       "      <td>1.000000</td>\n",
       "      <td>0.465563</td>\n",
       "      <td>-0.440550</td>\n",
       "      <td>0.545210</td>\n",
       "    </tr>\n",
       "    <tr>\n",
       "      <th>ptratio</th>\n",
       "      <td>0.293170</td>\n",
       "      <td>-0.392446</td>\n",
       "      <td>0.382904</td>\n",
       "      <td>-0.121363</td>\n",
       "      <td>0.188734</td>\n",
       "      <td>-0.357305</td>\n",
       "      <td>0.263886</td>\n",
       "      <td>-0.230414</td>\n",
       "      <td>0.471248</td>\n",
       "      <td>0.465563</td>\n",
       "      <td>1.000000</td>\n",
       "      <td>-0.180141</td>\n",
       "      <td>0.381125</td>\n",
       "    </tr>\n",
       "    <tr>\n",
       "      <th>b</th>\n",
       "      <td>-0.383836</td>\n",
       "      <td>0.177038</td>\n",
       "      <td>-0.357991</td>\n",
       "      <td>0.050229</td>\n",
       "      <td>-0.379860</td>\n",
       "      <td>0.128469</td>\n",
       "      <td>-0.275859</td>\n",
       "      <td>0.292554</td>\n",
       "      <td>-0.442982</td>\n",
       "      <td>-0.440550</td>\n",
       "      <td>-0.180141</td>\n",
       "      <td>1.000000</td>\n",
       "      <td>-0.367233</td>\n",
       "    </tr>\n",
       "    <tr>\n",
       "      <th>lstat</th>\n",
       "      <td>0.457031</td>\n",
       "      <td>-0.414751</td>\n",
       "      <td>0.606021</td>\n",
       "      <td>-0.054091</td>\n",
       "      <td>0.592230</td>\n",
       "      <td>-0.616555</td>\n",
       "      <td>0.602086</td>\n",
       "      <td>-0.502390</td>\n",
       "      <td>0.490859</td>\n",
       "      <td>0.545210</td>\n",
       "      <td>0.381125</td>\n",
       "      <td>-0.367233</td>\n",
       "      <td>1.000000</td>\n",
       "    </tr>\n",
       "  </tbody>\n",
       "</table>\n",
       "</div>"
      ],
      "text/plain": [
       "             crim        zn     indus      chas       nox        rm       age  \\\n",
       "crim     1.000000 -0.201960  0.407714 -0.057275  0.420823 -0.219801  0.355232   \n",
       "zn      -0.201960  1.000000 -0.536648 -0.043490 -0.518094  0.310935 -0.569514   \n",
       "indus    0.407714 -0.536648  1.000000  0.062418  0.762930 -0.394168  0.646190   \n",
       "chas    -0.057275 -0.043490  0.062418  1.000000  0.090465  0.091289  0.087647   \n",
       "nox      0.420823 -0.518094  0.762930  0.090465  1.000000 -0.302687  0.732922   \n",
       "rm      -0.219801  0.310935 -0.394168  0.091289 -0.302687  1.000000 -0.240049   \n",
       "age      0.355232 -0.569514  0.646190  0.087647  0.732922 -0.240049  1.000000   \n",
       "dis     -0.381289  0.665445 -0.709877 -0.099075 -0.771225  0.203169 -0.751390   \n",
       "rad      0.624825 -0.315873  0.598530 -0.009422  0.612855 -0.211662  0.461485   \n",
       "tax      0.582050 -0.317058  0.721459 -0.037615  0.667657 -0.293605  0.509469   \n",
       "ptratio  0.293170 -0.392446  0.382904 -0.121363  0.188734 -0.357305  0.263886   \n",
       "b       -0.383836  0.177038 -0.357991  0.050229 -0.379860  0.128469 -0.275859   \n",
       "lstat    0.457031 -0.414751  0.606021 -0.054091  0.592230 -0.616555  0.602086   \n",
       "\n",
       "              dis       rad       tax   ptratio         b     lstat  \n",
       "crim    -0.381289  0.624825  0.582050  0.293170 -0.383836  0.457031  \n",
       "zn       0.665445 -0.315873 -0.317058 -0.392446  0.177038 -0.414751  \n",
       "indus   -0.709877  0.598530  0.721459  0.382904 -0.357991  0.606021  \n",
       "chas    -0.099075 -0.009422 -0.037615 -0.121363  0.050229 -0.054091  \n",
       "nox     -0.771225  0.612855  0.667657  0.188734 -0.379860  0.592230  \n",
       "rm       0.203169 -0.211662 -0.293605 -0.357305  0.128469 -0.616555  \n",
       "age     -0.751390  0.461485  0.509469  0.263886 -0.275859  0.602086  \n",
       "dis      1.000000 -0.499842 -0.536294 -0.230414  0.292554 -0.502390  \n",
       "rad     -0.499842  1.000000  0.910799  0.471248 -0.442982  0.490859  \n",
       "tax     -0.536294  0.910799  1.000000  0.465563 -0.440550  0.545210  \n",
       "ptratio -0.230414  0.471248  0.465563  1.000000 -0.180141  0.381125  \n",
       "b        0.292554 -0.442982 -0.440550 -0.180141  1.000000 -0.367233  \n",
       "lstat   -0.502390  0.490859  0.545210  0.381125 -0.367233  1.000000  "
      ]
     },
     "execution_count": 106,
     "metadata": {},
     "output_type": "execute_result"
    }
   ],
   "source": [
    "X = dataset.iloc[:,:-1]\n",
    "matriz_corr = X.corr()\n",
    "matriz_corr"
   ]
  },
  {
   "cell_type": "code",
   "execution_count": 109,
   "metadata": {},
   "outputs": [],
   "source": [
    "# Criando a plotagem da correlação\n",
    "def visualize_correlation_matrix(data, hurdle = 0.0):\n",
    "    R = np.corrcoef(data, rowvar = 0)\n",
    "    R[np.where(np.abs(R) < hurdle)] = 0.0\n",
    "    heatmap = plt.pcolor(R, cmap = mpl.cm.coolwarm, alpha = 0.8)\n",
    "    heatmap.axes.set_frame_on(False)\n",
    "    heatmap.axes.set_yticks(np.arange(R.shape[0]) + 0.5, minor = False)\n",
    "    heatmap.axes.set_xticks(np.arange(R.shape[1]) + 0.5, minor = False)\n",
    "    heatmap.axes.set_xticklabels(variables, minor = False)\n",
    "    plt.xticks(rotation=90)\n",
    "    heatmap.axes.set_yticklabels(variables, minor = False)\n",
    "    plt.tick_params(axis = 'both', which = 'both', bottom = 'off', top = 'off', left = 'off', right = 'off') \n",
    "    plt.colorbar()\n",
    "    plt.show()"
   ]
  },
  {
   "cell_type": "code",
   "execution_count": 113,
   "metadata": {},
   "outputs": [
    {
     "data": {
